-852.768 1.815673584075125E-13 -27.75635549715827 -5.852074749939265E-8 -1.6197707549894593E-8
-849.436875 1.2357446604493884E-11 -25.917458234162364 2.5674524557914605E-7 -4.3014125911421956E-7
-846.1057500000001 3.6358522472738824E-13 -27.483561204761106 -7.357439720066698E-8 -4.438517393534286E-8
-842.774625 4.204644121342033E-12 -28.588672740067228 -2.4721425862059763E-7 1.5578120132308735E-7
-839.4435000000001 3.890189185355722E-13 -27.05201860757075 -4.9923683626512504E-8 -7.35345983629605E-8
-836.112375 3.0188689234941405E-12 -26.075633623943094 9.182693404850999E-8 -2.299374734775705E-7
-832.78125 4.546719720873849E-13 -26.649170945153944 -1.8485348809014166E-8 -9.429317900775458E-8
-829.4501250000001 4.694172913420632E-13 -28.11854905069878 -9.721930769819361E-8 8.985961508601518E-9
-826.119 4.918541263660671E-13 -26.251448761154844 2.0259914121835846E-8 -9.786468441070377E-8
-822.787875 2.2701459243422804E-12 -25.851651954959795 1.2192893482399577E-7 -1.767275555312958E-7
-819.45675 5.381145106422392E-13 -25.744073156852433 6.825855332359101E-8 -7.917151445042999E-8
-816.125625 4.601047081105412E-14 -24.582810663801673 2.9183563380053295E-8 9.090815389513437E-9
-812.7945 8.45623127413882E-13 -25.177759961368288 1.2545776219088776E-7 -3.784455619741897E-8
-809.463375 2.485425487892913E-12 -25.195955405707327 2.138686122522526E-7 -6.87832813059975E-8
-806.13225 1.725831075262744E-12 -24.75227220623508 1.8556452414709598E-7 2.4735275661626323E-8
-802.8011250000001 1.932282878770117E-12 -24.26057701026446 1.6073245586172052E-7 1.1577335630762693E-7
-799.47 3.260235538567927E-12 -24.443682675353088 2.326739252139615E-7 1.0985283083635397E-7
-796.138875 4.8197017379759854E-12 -24.502438764094492 2.9025536894445173E-7 1.1672324811463864E-7
-792.80775 5.298065816864792E-12 -24.14733235793768 2.427823659071301E-7 2.2055212572145722E-7
-789.476625 6.861740900273513E-12 -23.828756293655587 1.8377792123949208E-7 3.249082296978987E-7
-786.1455000000001 7.901420644420377E-12 -23.810592139193766 1.9084471419985537E-7 3.521796381962722E-7
-782.814375 8.72889500772914E-12 -23.741424437374114 1.745265832111705E-7 3.83139651167478E-7
-779.48325 1.15499919363277E-11 -23.437735195941524 5.977547083011978E-8 4.80593106461437E-7
-776.1521250000001 1.5842469873529155E-11 -23.18519003755594 -7.285396126295835E-8 5.62495718411401E-7
-772.821 1.6585634659192487E-11 -23.047495521246702 -1.5283581936021949E-7 5.598585620010943E-7
-769.489875 1.714461600878088E-11 -22.873335288371386 -2.516734742796662E-7 5.33677764226268E-7
-766.15875 2.3127526524940984E-11 -22.636170314664973 -4.2975422373685727E-7 5.338129736317294E-7
-762.827625 3.037228634624114E-11 -22.421153382989253 -6.116680670622672E-7 4.925694999753813E-7
-759.4965 3.226593443061084E-11 -22.19524686065089 -7.281471705399123E-7 3.5357895829692216E-7
-756.165375 3.5656833089038455E-11 -21.94520588825661 -8.336223335386586E-7 1.7072882136395116E-7
-752.83425 4.665202282886495E-11 -21.734148109108766 -9.73279808574421E-7 -8.806191197938482E-9
-749.5031250000001 5.927668637414846E-11 -21.526934291310788 -1.0715841357055897E-6 -2.354241011309558E-7
-746.172 6.993543092470768E-11 -21.264694908184783 -1.0578603364802202E-6 -5.487194871515558E-7
-742.840875 8.58279013650992E-11 -21.001740666231786 -9.736180637010357E-7 -8.916018815645079E-7
-739.50975 1.079699558253537E-10 -20.78856163797444 -8.557165383960435E-7 -1.2084156984589927E-6
-736.178625 1.341935268531792E-10 -20.568152592588937 -6.36376320074312E-7 -1.5231743400730208E-6
-732.8475000000001 1.713373423608141E-10 -20.310763050161444 -2.572654014001134E-7 -1.8474630484324293E-6
-729.516375 2.2126999513228875E-10 -20.063272056637274 2.3086235578498388E-7 -2.1071254954558837E-6
-726.18525 2.741116188625775E-10 -19.83876456113226 7.726242320682893E-7 -2.229208135730816E-6
-722.8541250000001 3.3786786161645306E-10 -19.608677039356778 1.3996144960345193E-6 -2.2140638414516762E-6
-719.523 4.3178580499700115E-10 -19.370927466193386 2.1272042722641192E-6 -2.059895617496597E-6
-716.191875 5.466881761842695E-10 -19.13785953581342 2.864180215420137E-6 -1.7023318741729571E-6
-712.86075 6.65988312626458E-10 -18.90338901621204 3.5113105709012157E-6 -1.093050168954077E-6
-709.529625 8.114605149320998E-10 -18.666871466954007 4.050682950204583E-6 -2.647572642929697E-7
-706.1985 1.0044476892938177E-9 -18.438079067154565 4.456062798861815E-6 7.352388127164697E-7
-702.867375 1.226499062983378E-9 -18.21083386199807 4.614401809811815E-6 1.900923528056232E-6
-699.53625 1.468172607713016E-9 -17.974833320894717 4.422362320451316E-6 3.202581921623307E-6
-696.2051250000001 1.7516418945455183E-9 -17.737863524695232 3.874254651772696E-6 4.534347949358245E-6
-692.874 2.0821273723592537E-9 -17.50714016840393 2.9815063923802603E-6 5.778569654087579E-6
-689.542875 2.4607123965048565E-9 -17.27357842749455 1.6993156347473312E-6 6.861589233459088E-6
-686.21175 2.9213889546542348E-9 -17.03267026847685 1.435252550957107E-8 7.702189287347486E-6
-682.880625 3.4798015350545247E-9 -16.793379357970572 -1.977153760793572E-6 8.170332644612228E-6
-679.5495000000001 4.118840810213995E-9 -16.559665927027012 -4.15117447644845E-6 8.14911259682861E-6
-676.218375 4.87350457809361E-9 -16.327646040182998 -6.4327713586351385E-6 7.588445790732373E-6
-672.88725 5.802324882025565E-9 -16.097632107343024 -8.721971090217031E-6 6.461702737536983E-6
-669.5561250000001 6.87511322518008E-9 -15.871812335037552 -1.0827938590812009E-5 4.729373789596104E-6
-666.225 8.042313477651498E-9 -15.648351881035929 -1.2553418995508373E-5 2.3926867903114605E-6
-662.893875 9.354079269186218E-9 -15.426456327446754 -1.3774512730762249E-5 -4.6236604156633297E-7
-659.56275 1.0856614446428134E-8 -15.207449800278667 -1.4376941237580341E-5 -3.7102770340892114E-6
-656.231625 1.2500070133109764E-8 -14.989182318591267 -1.4198687336518324E-5 -7.2272486258405935E-6
-652.9005 1.4269067293121373E-8 -14.768642677260008 -1.3113541906277633E-5 -1.0853269230290655E-5
-649.569375 1.623613910691497E-8 -14.54751328996061 -1.1108397762559414E-5 -1.4363383173644042E-5
-646.23825 1.8442465695113654E-8 -14.32797109370308 -8.221082806157826E-6 -1.7519143958332135E-5
-642.9071250000001 2.0915384672986813E-8 -14.108343647066663 -4.479945566496835E-6 -2.011600486517259E-5
-639.576 2.374443003073448E-8 -13.888002291798223 2.661120098546678E-8 -2.195840574809885E-5
-636.244875 2.696772995429753E-8 -13.669960716587894 5.089835502409914E-6 -2.2841204504032734E-5
-632.91375 3.053722879371923E-8 -13.455907865933264 1.0455718585637361E-5 -2.2600662182217917E-5
-629.582625 3.449447449030017E-8 -13.244787763302252 1.5899430204596706E-5 -2.115842420579384E-5
-626.2515000000001 3.8926147320563375E-8 -13.036407135464858 2.1174391346022263E-5 -1.8496184342799445E-5
-622.920375 4.3746712394866427E-8 -12.831536802517265 2.596687180625094E-5 -1.4631311633776123E-5
-619.58925 4.883537949117959E-8 -12.629884679065302 2.9975887659991653E-5 -9.650605144015682E-6
-616.2581250000001 5.427526242084448E-8 -12.431137496461162 3.2988027063131036E-5 -3.7342273177650245E-6
-612.927 6.01416521630777E-8 -12.235779734124428 3.48275821353895E-5 2.8846554528977764E-6
-609.595875 6.627446063190766E-8 -12.043496240706464 3.530774159698634E-5 9.959042551802016E-6
-606.26475 7.252197746062995E-8 -11.853304337104097 3.429897649247143E-5 1.7212383389633192E-5
-602.933625 7.891450335348996E-8 -11.66523636908068 3.1790956854962606E-5 2.432760656385293E-5
-599.6025 8.544312443169127E-8 -11.47943182030155 2.7834067213937647E-5 3.0989307528695296E-5
-596.271375 9.201684276035462E-8 -11.294586132054128 2.2482175057875774E-5 3.6920389517159255E-5
-592.94025 9.868423909877847E-8 -11.10952068825561 1.5849296542670804E-5 4.1865932826755164E-5
-589.6091250000001 1.0558635868254854E-7 -10.924806361843721 8.161611346496603E-6 4.5579647592094985E-5
-586.278 1.1279415643608419E-7 -10.741236790421485 -3.055650748034669E-7 4.785801685928842E-5
-582.946875 1.204211741879014E-7 -10.55863521376883 -9.289958065022177E-6 4.857015336013058E-5
-579.61575 1.286158113717563E-7 -10.377294118492198 -1.8496127639450123E-5 4.764097878036972E-5
-576.284625 1.3727646086678035E-7 -10.198534335898607 -2.7555793669236577E-5 4.503684611287658E-5
-572.9535000000001 1.4612577307425783E-7 -10.023160581667497 -3.61011896855778E-5 4.0792697615833277E-5
-569.622375 1.550737803853068E-7 -9.851031704861217 -4.383823847135062E-5 3.503218382186314E-5
-566.29125 1.6409563357077957E-7 -9.682085206961641 -5.051274420021469E-5 2.7941229018285824E-5
-562.9601250000001 1.7294036431355647E-7 -9.516395677670982 -5.587699808988473E-5 1.9738755240162164E-5
-559.629 1.8146387025940495E-7 -9.353690962881249 -5.9756744769093845E-5 1.0680522647877152E-5
-556.297875 1.90007548869379E-7 -9.19380899679459 -6.210735568343734E-5 1.0549200086755067E-6
-552.96675 1.9904525810172908E-7 -9.03699946873662 -6.295594748097131E-5 -8.86068270019094E-6
-549.635625 2.0882993856330916E-7 -8.88333582208119 -6.233580625135834E-5 -1.8838932448372426E-5
-546.3045 2.197086678750157E-7 -8.732690730806521 -6.03147277783581E-5 -2.8700233552420533E-5
-542.973375 2.323343708081031E-7 -8.585276128664663 -5.701587590678785E-5 -3.8303351375851066E-5
-539.64225 2.4729871150795177E-7 -8.441146660607949 -5.253750481500374E-5 -4.7556751360402285E-5
-536.3111250000001 2.649532895610627E-7 -8.299388598155161 -4.6880318019571606E-5 -5.6414332946647966E-5
-532.98 2.856999857402438E-7 -8.158691566625969 -3.9985060074703286E-5 -6.482926961320165E-5
-529.648875 3.1005349674426755E-7 -8.018147932279831 -3.1783178189834636E-5 -7.270494866474131E-5
-526.31775 3.3839298405012235E-7 -7.876732630883296 -2.2167053415607918E-5 -7.987668437221862E-5
-522.986625 3.7099177110027587E-7 -7.732859747867135 -1.0978990141515652E-5 -8.609936281276315E-5
-519.6555000000001 4.081730491129707E-7 -7.585258305688086 1.8908609501357997E-6 -9.102249281959088E-5
-516.324375 4.5012010908771665E-7 -7.433601818683982 1.640346996742214E-5 -9.418813269426268E-5
-512.99325 4.967572573518516E-7 -7.277885564155756 3.236933319337021E-5 -9.507761837930741E-5
-509.662125 5.480020701346553E-7 -7.118036937364213 4.945932652199026E-5 -9.31768107255825E-5
-506.331 6.036459142316585E-7 -6.954427217350293 6.71450549320569E-5 -8.80319854899054E-5
-502.99987500000003 6.628233866170869E-7 -6.787979945824226 8.467027715916877E-5 -7.931415630374697E-5
-499.66875000000005 7.241990382890373E-7 -6.619602284682067 1.0114548250266865E-4 -6.690084328464094E-5
-496.337625 7.866140628702894E-7 -6.450054604188978 1.156675254768734E-4 -5.0937231384092635E-5
-493.0065 8.487960893850948E-7 -6.280244958170513 1.2736608555535543E-4 -3.18460882231362E-5
-489.67537500000003 9.088012419340807E-7 -6.111146674323226 1.3545719948972852E-4 -1.0302914231059245E-5
-486.34425 9.647024445609137E-7 -5.943601480320723 1.393770150957958E-4 1.2807128820602709E-5
-483.013125 1.0154232151972847E-6 -5.7784630777001205 1.3888873264393778E-4 3.6467369309675535E-5
-479.682 1.0602729173918245E-6 -5.616610938385687 1.340630212740463E-4 5.9647357530301704E-5
-476.35087500000003 1.0985734812096049E-6 -5.458677903783741 1.2521547587055469E-4 8.142202189839928E-5
-473.01975000000004 1.13047260869616E-6 -5.3050744133593035 1.1288772729641907E-4 1.0105735894445477E-4
-469.688625 1.1573662663129564E-6 -5.15619248772186 9.779168726147605E-5 1.1806412475201585E-4
-466.3575 1.1812126210354623E-6 -5.0121425358402405 8.064867723170643E-5 1.3222096869423768E-4
-463.02637500000003 1.2041937755260765E-6 -4.87235566494774 6.20341758635589E-5 1.4354451354681142E-4
-459.69525 1.2289928521708899E-6 -4.735740679933773 4.233610871834255E-5 1.52198912555848E-4
-456.364125 1.2585307297166357E-6 -4.600972642318439 2.1759578023211668E-5 1.58376747824489E-4
-453.033 1.2953465103305964E-6 -4.466326101009209 3.0651168276989553E-7 1.621856606642432E-4
-449.70187500000003 1.3414867998776113E-6 -4.329620165522751 -2.2183940687452667E-5 1.63551566006499E-4
-446.37075000000004 1.3984096233229399E-6 -4.188783308030018 -4.586549637253735E-5 1.6215275502678056E-4
-443.039625 1.46640847621875E-6 -4.0423358886460115 -7.069515932933157E-5 1.5741724848884598E-4
-439.7085 1.544445563447926E-6 -3.8892599191056227 -9.633667842891638E-5 1.485998653077398E-4
-436.37737500000003 1.6306289778109687E-6 -3.728854240289067 -1.2210473321770497E-4 1.3491929094859006E-4
-433.04625 1.7221222103729805E-6 -3.5609079999222715 -1.4689493836616752E-4 1.1572635205848008E-4
-429.715125 1.814716302239138E-6 -3.3856486732354085 -1.6919620528370175E-4 9.068429306542497E-5
-426.384 1.9037659493712005E-6 -3.2033843264760833 -1.8726286312711245E-4 5.993268082939703E-5
-423.05287500000003 1.985756988432737E-6 -3.0144025270157258 -1.9934657630927812E-4 2.419133074728397E-5
-419.72175000000004 2.0583549141425656E-6 -2.8191006891864063 -2.0387912977346356E-4 -1.5225196390847179E-5
-416.390625 2.1200044301572764E-6 -2.617943244218015 -1.9965037991567883E-4 -5.648126677137603E-5
-413.0595 2.170955442620041E-6 -2.4114325777049146 -1.860229050323678E-4 -9.736804485100496E-5
-409.728375 2.2138633410959265E-6 -2.200298454359654 -1.630747801707017E-4 -1.355101234261978E-4
-406.39725 2.252429107958684E-6 -1.9855261562832354 -1.3157883897211973E-4 -1.6860169673047783E-4
-403.066125 2.2904123666945195E-6 -1.7681767041966765 -9.289899056369535E-5 -1.9462943568690453E-4
-399.735 2.3320000142461665E-6 -1.5494663679182814 -4.889498667010403E-5 -2.1204865025680245E-4
-396.403875 2.3814257772887743E-6 -1.3309449487821858 -1.7815296797137205E-6 -2.1989964243533617E-4
-393.07275000000004 2.4419877574392074E-6 -1.114287528837643 4.610646930275058E-5 -2.1786013240378073E-4
-389.741625 2.5162122803534446E-6 -0.901054497963294 9.254111000236728E-5 -2.0623347415871273E-4
-386.4105 2.606082146327027E-6 -0.6928422470671052 1.355305202078478E-4 -1.858831520740029E-4
-383.079375 2.712372491041417E-6 -0.4913693677221609 1.734185508401812E-4 -1.5813123095258423E-4
-379.74825 2.834967479278267E-6 -0.29824421177711 2.0502625648171943E-4 -1.2463234072994855E-4
-376.417125 2.9742375572533065E-6 -0.11488926316802761 2.29757375608727E-4 -8.72276201678523E-5
-373.086 3.1311990148855706E-6 0.05729749475906587 2.47590581673781E-4 -4.778483949556495E-5
-369.754875 3.3072314333071446E-6 0.2169463818526438 2.590262306799248E-4 -8.034039702125517E-6
-366.42375000000004 3.505629819518124E-6 0.36286074524630507 2.65051195101844E-4 3.0591258592643235E-5
-363.092625 3.7333831533146125E-6 0.4940986858085097 2.670422717606024E-4 6.709185540828129E-5
-359.7615 4.000864414812168E-6 0.6101542613321307 2.665410223696112E-4 1.0099728435025994E-4
-356.430375 4.321194937607929E-6 0.7113029359371836 2.6499137300211624E-4 1.3239718010166503E-4
-353.09925 4.711009019406883E-6 0.7988383728499713 2.63540916876305E-4 1.618996131068807E-4
-349.768125 5.190208319831737E-6 0.8750925180460811 2.62870451116747E-4 1.9051353669495287E-4
-346.437 5.778503424056232E-6 0.9433187581335432 2.630188925280391E-4 2.1946231490092122E-4
-343.105875 6.4907606164752025E-6 1.0073446101634786 2.63304744019565E-4 2.4995377293780265E-4
-339.77475000000004 7.333846138785706E-6 1.0709563031509717 2.6242739964000075E-4 2.8294604919184234E-4
-336.443625 8.304554422456865E-6 1.137325184617005 2.5867218498989416E-4 3.1894708264623397E-4
-333.1125 9.388163909257114E-6 1.2087523575375023 2.501282259287031E-4 3.578812684525363E-4
-329.781375 1.056052261019968E-5 1.286625991890336 2.3495388022634557E-4 3.9905714529317584E-4
-326.45025 1.1795618320517283E-5 1.3713976214781347 2.1171234539213833E-4 4.4125797236202393E-4
-323.119125 1.3075168191443228E-5 1.4626077317316586 1.7965794290118858E-4 4.8294641827706413E-4
-319.788 1.4396180771015552E-5 1.5590163817146667 1.388597915277093E-4 5.225491887762666E-4
-316.456875 1.5776542293501113E-5 1.658708635083233 9.019872854550255E-5 5.587795156816125E-4
-313.12575000000004 1.725841048490712E-5 1.7591002978874926 3.5291059928050266E-5 5.909457091543496E-4
-309.794625 1.8907224431933792E-5 1.8570339269372766 -2.371673467302605E-5 6.191783791521104E-4
-306.4635 2.0808013739847633E-5 1.9491239458290686 -8.45081109833006E-5 6.445165537860199E-4
-303.132375 2.3063980940091012E-5 2.032214403909837 -1.4498110489668165E-4 6.688311134532903E-4
-299.80125 2.579875728589077E-5 2.103776936127698 -2.035216072787699E-4 6.945991390783144E-4
-296.470125 2.9160647702544267E-5 2.162262604657574 -2.5917170201210013E-4 7.245606379023691E-4
-293.139 3.332731041324598E-5 2.2073770746073222 -3.1172156567891126E-4 7.613140927461753E-4
-289.807875 3.850661730585034E-5 2.2400895850485796 -3.616548881402611E-4 8.069387420025876E-4
-286.47675000000004 4.4927417715209406E-5 2.2623084425597106 -4.0991355057716175E-4 8.627287433786159E-4
-283.145625 5.281943855521126E-5 2.276404410600012 -4.576020970324901E-4 9.290810768578277E-4
-279.8145 6.238833050916028E-5 2.2847710648591786 -5.05758488179315E-4 0.0010055410532716935
-276.483375 7.37928375069314E-5 2.2894716538798114 -5.551799136893407E-4 0.0010909941501678526
-273.15225 8.71311262460251E-5 2.292006030045556 -6.062747528936522E-4 0.0011839684285416582
-269.821125 1.0244520875900258E-4 2.2932658775614847 -6.590152811091003E-4 0.0012829764128718829
-266.49 1.1974867146271122E-4 2.2936553789961884 -7.130404575560182E-4 0.001386823736816078
-263.158875 1.390722695305344E-4 2.2932500535949814 -7.678149269710341E-4 0.001494846665913037
-259.82775000000004 1.6051543586523035E-4 2.2919168306989235 -8.227455859503292E-4 0.0016070585283893559
-256.496625 1.8429369897238359E-4 2.2894223826980813 -8.77283236518774E-4 0.0017241754165092996
-253.1655 2.1077245237491985E-4 2.2855467917323864 -9.310383777636881E-4 0.0018475042098364063
-249.83437500000002 2.4047344360448187E-4 2.2801548491880226 -9.838210125572425E-4 0.0019787195843506684
-246.50325 2.740432623020169E-4 2.27319688001597 -0.0010355257856951576 0.0021195790534236855
-243.172125 3.121854513829381E-4 2.264674594181578 -0.0010859230708005064 0.0022716170755938485
-239.841 3.5556706918478685E-4 2.2545999547206073 -0.001134437573058332 0.002435870331571052
-236.50987500000002 4.047149638342049E-4 2.242932705420376 -0.0011799017982355264 0.002612714836122568
-233.17875 4.5992811748599426E-4 2.2295043536851793 -0.001220299947164379 0.002801877052384589
-229.847625 5.212451776262579E-4 2.2139836355233733 -0.001252650249417586 0.0030026096591250473
-226.5165 5.884997803519393E-4 2.195916228888642 -0.0012731548234088093 0.0032139690193489175
-223.18537500000002 6.614671339076171E-4 2.1748135376009294 -0.0012775771240852501 0.003435119623352823
-219.85425 7.400706782910436E-4 2.150258986332158 -0.0012617382398528486 0.0036655762930953312
-216.523125 8.245878009924022E-4 2.1220234047417996 -0.001222070931018835 0.0039052841094766064
-213.192 9.157761893880333E-4 2.090164427523529 -0.0011561229390633573 0.004154494099728828
-209.86087500000002 0.0010148628588930587 2.055053570294284 -0.0010627877100584905 0.00441350794105221
-206.52975 0.0011234087264757834 2.017298286185035 -9.421066879721521E-4 0.0046824373186842745
-203.198625 0.0012431440953330922 1.9775881234033257 -7.947133322388623E-4 0.004961113948788947
-199.8675 0.0013759143099027562 1.9365242465762513 -6.211052077474195E-4 0.005249245779473249
-196.53637500000002 0.0015238643794447313 1.894484491776236 -4.2089824459283357E-4 0.0055468534516922
-193.20525 0.0016899182177042553 1.8515702226060533 -1.9223335384777515E-4 0.005854895325316706
-189.874125 0.001878474067440642 1.8076663364480297 6.844810966425693E-5 0.006175842046116375
-186.543 0.002096111668034965 1.7625933102733313 3.6617914353318697E-4 0.006513918643721273
-183.21187500000002 0.0023520786461595574 1.7162738472326318 7.069761118306788E-4 0.006874828463777325
-179.88075 0.002658392763688735 1.6688318144810026 0.0010973709574276938 0.007264922844361616
-176.549625 0.0030295083953776566 1.6205820613176272 0.001544157226149734 0.007689932322290899
-173.2185 0.003481650054423758 1.5719168507012355 0.0020544506387520033 0.008153541716199966
-169.88737500000002 0.0040321094799027095 1.5231382603885137 0.0026361069245630607 0.0086562113059788
-166.55625 0.004698917319244647 1.474320660200096 0.0032983529797147473 0.009194597546221584
-163.225125 0.005501214120464544 1.4252789899803062 0.004052254349422886 0.009761712687770364
-159.894 0.0064604059280892814 1.3756576892593522 0.004910644051478989 0.010347726641615563
-156.56287500000002 0.007601903875257951 1.3250914789006103 0.005887382934978219 0.01094114762856637
-153.23175 0.008956915402101157 1.2733676793475865 0.006996047398863165 0.01153001280624918
-149.900625 0.010563461541220448 1.220532233888033 0.008248268650186874 0.012102713557939283
-146.5695 0.012465870981939195 1.1669052565706046 0.00965210571696179 0.012648249929168513
-143.23837500000002 0.014712623440248686 1.113004975577951 0.011210952276436464 0.013155993644618974
-139.90725 0.017353214426410184 1.059417380979827 0.01292332745064321 0.013615250932951161
-136.576125 0.020435183766635272 1.0066692548853382 0.014783538762045823 0.01401496429458615
-133.245 0.024002488082341775 0.9551502616499974 0.016782940428894947 0.01434383222835793
-129.91387500000002 0.028096038264517138 0.9050994066433624 0.0189114369984936 0.014590986196403557
-126.58275 0.03275632970594108 0.8566434640100944 0.021158853182094248 0.01474712344088275
-123.251625 0.03802693998300108 0.8098588607035246 0.023515815401290815 0.014805746460313518
-119.9205 0.043957203659591486 0.7648259743143839 0.02597402264199226 0.014764086615097908
-116.589375 0.050603076418962535 0.7216554489330527 0.028526121963512417 0.014623425467733486
-113.25825 0.05802634628765604 0.6804832379551975 0.031165542096653998 0.014388735350887062
-109.927125 0.06629313416564557 0.641444772043581 0.03388652780069734 0.014067749560256197
-106.596 0.07547305825538587 0.604644291969354 0.03668447602209941 0.013669748354021417
-103.264875 0.08564043885263276 0.5701337821154873 0.03955656626959674 0.013204444671184496
-99.93375 0.09687791933661723 0.5379088327659183 0.042502492167939415 0.012681253938227903
-96.602625 0.10928119081503455 0.5079193177252321 0.045524925127196914 0.012108980652403336
-93.2715 0.12296262950278718 0.480086318602833 0.04862941032501643 0.011495750375912252
-89.940375 0.13805224813988326 0.4543161954799757 0.051823673928608635 0.010848954517193157
-86.60925 0.15469543576602782 0.4305062140569582 0.05511652743210125 0.01017499427264584
-83.278125 0.17304777673404237 0.40854086158532965 0.058516604311198275 0.009478691440079751
-79.947 0.19326817495815315 0.38828265815493523 0.06203119478152256 0.008762424944874933
-76.615875 0.21551232179423513 0.3695641722851448 0.06566544507453279 0.008025269467058109
-73.28475 0.23992799895313277 0.3521869707958807 0.06942200882899961 0.00726246915481184
-69.953625 0.2666518552668394 0.3359291865652061 0.07330096547487748 0.006465446251029385
-66.6225 0.29580595747389377 0.3205596045635346 0.0772997259470818 0.005622372687495612
-63.291375 0.3274924508866357 0.30585431171095223 0.0814127611007692 0.004719200333970143
-59.96025 0.3617850446632663 0.2916113603206796 0.08563110041827537 0.0037409112235695743
-56.629125 0.39871636929909665 0.2776595030392208 0.08994160318597419 0.0026726584612506927
-53.298 0.438261538969749 0.2638594982844573 0.09432612290442605 0.0015005476387763915
-49.966875 0.4803201607472763 0.2500995648005002 0.09876081319970365 2.1202064744902044E-4
-46.63575 0.524699474542707 0.23628799703539372 0.10321576067715373 -0.001204041853102025
-43.304625 0.571099862710129 0.22234549380509705 0.10765491738772967 -0.002757350701555205
-39.9735 0.6191027145926836 0.20819895742706152 0.1120361927259193 -0.0044562122623696705
-36.642375 0.6681605317184532 0.19377786525504703 0.11631160205553592 -0.006307340360180299
-33.31125 0.7175889949351693 0.17901315364801107 0.12042739370291651 -0.008315394568190672
-29.980125 0.7665604681114182 0.1638373977191243 0.12432407652348448 -0.010482298367756254
-26.649 0.8140997892219918 0.1481852088172282 0.1279363885722769 -0.01280641807737768
-23.317875 0.8590857583928438 0.13199387109496996 0.13119342804310485 -0.015281599941491357
-19.98675 0.9002626512398568 0.1152047359114654 0.13401919286890104 -0.017896028059025793
-16.655625 0.9362647726981989 0.09776557227811367 0.1363336468878688 -0.020630918909415492
-13.3245 0.9656557846966165 0.07963401871590747 0.13805435502012275 -0.023459096080153955
-9.993375 0.9869838600831368 0.06078256077015709 0.13909873761220823 -0.026343486790421946
-6.66225 0.9988519560174672 0.04120510952729006 0.1393869303143467 -0.029235667591894544
-3.331125 1.0 0.020924467439353833 0.1388451116338658 -0.03207473497490484
0.0 0.9893947489738483 0.0 0.1374091430617409 -0.03478681979431707
3.331125 0.966323086880577 -0.021464257008787513 0.13502843292190214 -0.03728548206251387
6.66225 0.9304831110773738 -0.04331025070091954 0.13166989449741348 -0.039473157887618786
9.993375 0.8820648419701342 -0.06531443655661207 0.12732172717479076 -0.04124380240678243
13.3245 0.8218112446918001 -0.08717247701876474 0.12199669666495577 -0.04248675669221471
16.655625 0.7510506272784285 -0.1084765221421442 0.11573464298574052 -0.043091675281087975
19.98675 0.67169200240557 -0.12867930553037965 0.108603945763056 -0.04295424292313017
23.317875 0.586176469699014 -0.14703618204420366 0.10070163630157783 -0.04198239643959124
26.649 0.49738159368626617 -0.1625089953960881 0.09215193185184777 -0.04010270499821298
29.980125 0.4084810323966971 -0.1735997516820582 0.08310316265089399 -0.03726644673583352
33.31125 0.3227664247572861 -0.17804916630679557 0.07372318203552787 -0.03345490553050787
36.642375 0.24344287804683654 -0.17226157185613644 0.06419338679694997 -0.028683508214215614
39.9735 0.17341373235088028 -0.1501384117775757 0.054701589314233516 -0.02300447931564359
43.304625 0.11507341408183193 -0.10054968800323749 0.045434164383349185 -0.016507700567279293
46.63575 0.07012793992900114 -0.0015912091356327096 0.03656796877211679 -0.0093195740184128
49.966875 0.039461175618587425 0.19140470112265717 0.02826249649406803 -0.0015998949599815302
53.298 0.023061678334011928 0.5512409136492842 0.020652743738958382 0.006463125923169759
56.629125 0.020019856414413437 1.0619790797744457 0.013843303860220674 0.014659509900267915
59.96025 0.028598630462674156 1.4845734426179966 0.007904131710919693 0.022765545136930354
63.291375 0.04637365350106641 1.7251458423081552 0.002868219829805562 0.030552768654037395
66.6225 0.07043239420783007 1.8523025214373057 -0.0012687088884422732 0.03779740276522887
69.953625 0.09761569431006947 1.921043173699001 -0.004546455346821272 0.044289813731203824
73.28475 0.12478092392196462 1.9589969916372034 -0.0070366520446320715 0.04984356538307877
76.615875 0.1490626620596062 1.9800760798945554 -0.008837435127784088 0.054303577202345084
79.947 0.16810570333120312 1.991912616779402 -0.010066889549272852 0.057552922073765334
83.278125 0.18024681341330534 1.999159203320236 -0.010855666375840244 0.05951791447469521
86.60925 0.18462569675200977 2.0050137018441063 -0.011339202293623707 0.060171181078975115
89.940375 0.18121200961020126 2.0119992934196382 -0.011650033322836477 0.0595323807759286
93.2715 0.17074466982232486 2.0224289262374846 -0.011910634345572534 0.057666339716802226
96.602625 0.15459149150852763 2.0387464781561278 -0.012227049844415847 0.054678611780968805
99.93375 0.1345484789925259 2.0638448893402312 -0.012683485871082674 0.050708697506610376
103.264875 0.11260647407919284 2.1014252420875046 -0.013338034880233733 0.04592133223096878
106.596 0.09071698196134509 2.156433203710211 -0.014219678360044462 0.04049652024243575
109.927125 0.07058745828053724 2.23553286404713 -0.015326668212158246 0.034619291839653975
113.25825 0.053528708424599364 2.34731628234492 -0.016626455104285648 0.028470252646523097
116.589375 0.04036605837165664 2.5012141894485964 -0.018057461567581683 0.02221782358474143
119.9205 0.031415526538457125 2.702857873004053 -0.019532987457993225 0.016012799852459722
123.251625 0.026518370930571834 2.9447136810573156 -0.020947344503328347 0.009985528724162033
126.58275 0.025122557111472533 3.2004547243934596 -0.022184073460292865 0.0042455226989299545
129.91387500000002 0.026397708991580462 3.4378176001615017 -0.023125821785254692 -0.0011172019195280066
133.245 0.02936939754594969 3.6390437096037154 -0.023665074181736027 -0.006030040193765659
136.576125 0.03305730174574005 3.804104578971966 -0.02371453169793864 -0.01043587414531002
139.90725 0.03660025808899664 3.9413674618379275 -0.023215768123497172 -0.01429197449321131
143.23837500000002 0.039351666754791834 4.06025639117065 -0.02214492804008594 -0.01757005306025545
146.5695 0.04093242440646749 4.1686334883589495 -0.020514559806090023 -0.020257282508111096
149.900625 0.04123557609734084 4.2725095074595565 -0.018371171485218194 -0.022357565690754755
153.23175 0.04038648463506749 4.376385301423827 -0.015788801100189907 -0.023892093964846702
156.56287500000002 0.03867182529851978 4.4835923267338735 -0.012859659776168077 -0.02489836098841733
159.894 0.03645618180848797 4.596468135060672 -0.00968344779177823 -0.025427102505154574
163.225125 0.03410458391575094 4.716362996632032 -0.006357134881470399 -0.025537036240620793
166.55625 0.03192426070811667 4.84355052223054 -0.002966901298485689 -0.025287854679467443
169.88737500000002 0.0301314689735335 4.977177882022911 4.164400508609089E-4 -0.02473254728474028
173.2185 0.028841788347946064 5.115416448456013 0.00373792219432426 -0.02391047946880663
176.549625 0.028077322972588737 5.255901088968816 0.006955066674629633 -0.022842642759988204
179.88075 0.027783281589796423 5.396368517422825 0.01003172474699723 -0.0215302752742897
183.21187500000002 0.027848379174492097 5.53524332283644 0.012930676222162077 -0.019957649857619403
186.543 0.02812616137334605 5.671933343234375 0.015606849305366153 -0.01809909624377235
189.874125 0.028456269762179003 5.806776169196009 0.018003049095541 -0.015929365432262553
193.20525 0.02868532001591833 5.940751260332949 0.020049686960343066 -0.013435616088555155
196.53637500000002 0.028686328715849065 6.0751178369019065 0.02166921816955992 -0.010628790816824166
199.8675 0.02837423957041139 6.211090165003231 0.022785019552764692 -0.007551925376697069
203.198625 0.02771457849106526 6.34959734111813 0.02333340940687852 -0.004283120747351092
206.52975 0.026723361098569133 6.49112972818477 0.02327652354427782 -9.31752207787405E-4
209.86087500000002 0.025458454303159905 6.635655075057127 0.022613087369605947 0.0023720959963984063
213.192 0.02400478249840417 6.782594007961155 0.021384136421675002 0.005493442825410543
216.523125 0.02245742350490504 6.930863066989151 0.019671572618888026 0.008310631587921611
219.85425 0.02090687380736703 7.07900129924543 0.01758892386474766 0.010732217536141227
223.18537500000002 0.0194292244349428 7.2253869174096685 0.01526551133504628 0.012708604874575763
226.5165 0.018081724027689653 7.368531422580315 0.012827053267081535 0.01423544238339135
229.847625 0.01690246302497045 7.507411071492665 0.010376995323566065 0.015347707345163551
233.17875 0.015912051325873932 7.6417619930461775 0.007983009226919477 0.016105703027096945
236.50987500000002 0.015115342473607506 7.772246859872286 0.005671991121259268 0.016576249655517933
239.841 0.014502552444352845 7.900419717735364 0.0034348347243342934 0.016813734569570846
243.172125 0.014050624562548105 8.028471496326471 0.001239782231676075 0.01684593457231963
246.50325 0.013726107782062418 8.158814709296596 -9.491213635743313E-4 0.016668288991914793
249.83437500000002 0.01348997314927791 8.293628245629737 -0.003153340807658805 0.016247892269945066
253.1655 0.013303573473960861 8.434489797879028 -0.005365790389587846 0.015535787159754778
256.496625 0.01313409557089432 8.582169023562404 -0.00754484554813415 0.014483996299591734
259.82775000000004 0.012957703270779103 8.736589294807498 -0.009617572298070377 0.013062587464176989
263.158875 0.012759442110717471 8.89693570838747 -0.011490843092172073 0.011272239026190052
266.49 0.012530668825616624 9.061880161123693 -0.013067014096786018 0.009149335904043192
269.821125 0.012266035137568135 9.229879057015449 -0.014259901967827126 0.006763028141914575
273.15225 0.011961836045039888 9.399480251110678 -0.015007205180145944 0.0042059303880773195
276.483375 0.011616264022902138 9.569574209339098 -0.015277020310790467 0.001581537938444773
279.8145 0.011230870409900685 9.739538648777216 -0.015068049670575415 -0.0010081655594474498
283.145625 0.010811863086545189 9.909250436121976 -0.014404824854493452 -0.003472011101555537
286.47675000000004 0.010370013492324123 10.078976854918817 -0.013330345401448495 -0.00573438756944244
289.807875 0.00991887889287849 10.249195489403977 -0.011898716713426124 -0.007735681658325132
293.139 0.009472014880986734 10.420402665062053 -0.010169687081307725 -0.009429917147557873
296.470125 0.009040160832322676 10.59295988476092 -0.008205807290989587 -0.010781514071150211
299.80125 0.00862924816013383 10.767015245477918 -0.006071818280003554 -0.011762866969100954
303.132375 0.008239859125131872 10.942515089714814 -0.0038351780133146648 -0.01235379289761623
306.4635 0.007868266785773811 11.119283308116334 -0.0015664494728680769 -0.012542933919422744
309.794625 0.007508496174431274 11.29712059686354 6.614565799589931E-4 -0.012330274014653562
313.12575000000004 0.0071545669767966325 11.47588453127025 0.00277557911132842 -0.011729543454672527
316.456875 0.006802311454590141 11.655532259652741 0.00470645754791079 -0.010769499537921709
319.788 0.0064504208633992775 11.836123235205957 0.0063921980894724294 -0.009493519420428283
323.119125 0.006100573887436688 12.017795108213644 0.007782204745386398 -0.007957395324256768
326.45025 0.005756842653959943 12.200731593350394 0.008839860455371442 -0.006225725073895331
329.781375 0.005424786776560463 12.385124774958587 0.009543739075884992 -0.004367705704115497
333.1125 0.005110478236890089 12.571122449849621 0.009887325665711835 -0.002453164030765208
336.443625 0.004819505090146636 12.758766105288945 0.009877587324305305 -5.49337076127558E-4
339.77475000000004 0.004556041380912414 12.947940040339144 0.009532913878562529 0.0012813910089040934
343.105875 0.004322095841182533 13.138348326240358 0.0088809249430538 0.0029827684535033328
346.437 0.004117001666836358 13.329537983420995 0.007956523723573566 0.004505182444077622
349.768125 0.00393729672135371 13.520990305100295 0.006800421385462902 0.0058058576921114855
353.09925 0.0037772118641804333 13.712269721487413 0.005458149775092898 0.006849197897281013
356.430375 0.003629766598700655 13.903171266395223 0.0039793805628217886 0.007607450719984377
359.7615 0.003488189239635554 14.093802594075651 0.0024172746819330626 0.008061673689757218
363.092625 0.0033472983583247105 14.2845685662482 8.276035823724626E-4 0.008202916277788472
366.42375000000004 0.003204455909500135 14.476056898462456 -7.325549968303837E-4 0.00803339653619667
369.754875 0.003059714127485564 14.668856614888416 -0.00220665041220436 0.007567268660453772
373.086 0.0029150905954310976 14.863375133637359 -0.0035409695808257457 0.006830634012421738
376.417125 0.002773359910854544 15.0597178532643 -0.004687204511444939 0.005860720975764908
379.74825 0.0026368738242775577 15.257660534627757 -0.0056049762151995025 0.004704315973484856
383.079375 0.002506745301875071 15.456720854794366 -0.006264034020501826 0.003415514177145809
386.4105 0.002382586181539796 15.656312343659206 -0.006645905022859586 0.0020529337694080874
389.741625 0.002262831388842108 15.85592110755854 -0.006744837136618302 6.767064071088002E-4
393.07275000000004 0.002145426309884333 16.055232155237977 -0.006567977358030055 -6.544592958111389E-4
396.403875 0.0020285437034121834 16.2541760615612 -0.006134820109810095 -0.0018860327331024676
399.735 0.0019111092536812477 16.452904667809566 -0.005475993224525552 -0.0029701722196702886
403.066125 0.0017930117363903052 16.651707928367134 -0.004631444035858756 -0.003867812529344275
406.39725 0.0016749484393014276 16.850903029409903 -0.0036481139073165124 -0.004550168156210767
409.728375 0.0015580446195869121 17.05075386389991 -0.0025772490290232844 -0.004999661559091537
413.0595 0.0014434995150308055 17.251453865842063 -0.0014715369016400485 -0.0052103136364644595
416.390625 0.0013323863110213956 17.453154814769693 -3.822705211116821E-4 -0.005187514802967704
419.72175000000004 0.0012255976193109482 17.656012071548826 6.432517674678754E-4 -0.004947134129066836
423.05287500000003 0.001123915926672861 17.860217429425436 0.0015638992460100963 -0.00451412261604739
426.384 0.0010281293426280056 18.065977632221458 0.0023463315245908613 -0.003920803190173994
429.715125 9.3903515105097E-4 18.27342298348948 0.0029660395343676935 -0.0032048970280000024
433.04625 8.572790881885234E-4 18.482493250974617 0.003407832513737057 -0.002407328978354802
436.37737500000003 7.83146118157442E-4 18.692862181946627 0.003665821653431039 -0.001570002196592747
439.7085 7.164200058175454E-4 18.903935973029267 0.003742968592747624 -7.337238449019184E-4
443.039625 6.563623565547656E-4 19.11495904042562 0.0036502781174061493 6.37051346554031E-5
446.37075000000004 6.018535683265516E-4 19.32522676827738 0.0034057024357141167 7.892294113546384E-4
449.70187500000003 5.516787925362774E-4 19.534306185660743 0.003032807466539813 0.001415939336251124
453.033 5.048299651220869E-4 19.742140658810573 0.002559257694712628 0.0019239692794023443
456.364125 4.6069666408195297E-4 19.94901064264135 0.0020151945286952986 0.0023009225705435355
459.69525 4.191055859152668E-4 20.15538569764262 0.0014315890424567426 0.0025418943131724713
463.02637500000003 3.80206039614775E-4 20.361702199436447 8.386487507153886E-4 0.002649041082163194
466.3575 3.4424026134522015E-4 20.56814928879984 2.643629003291568E-4 0.00263068706613007
469.688625 3.1132270963680776E-4 20.774588192756713 -2.6673024656481936E-4 0.0025001617038289785
473.01975000000004 2.8134530167642035E-4 20.980647098217634 -7.344902540905257E-4 0.0022745843132107634
476.35087500000003 2.540110493239951E-4 21.185925248723745 -0.00112379765956364 0.0019736308223514644
479.682 2.2893913386070252E-4 21.390219192256662 -0.0014248368149560756 0.001618286328965735
483.013125 2.057969073822651E-4 21.593666481231363 -0.0016330464146978587 0.0012297261919803632
486.34425 1.843980345854718E-4 21.796694772563182 -0.001748776092564184 8.28436865210347E-4
489.67537500000003 1.64704060660374E-4 21.999796109392495 -0.001776709810474231 4.3348244955777453E-4
493.0065 1.467434306140396E-4 22.203289315757683 -0.0017251268437545346 6.180669824363178E-5
496.337625 1.305205042178408E-4 22.40718314995657 -0.0016050766672092937 -2.723538462881556E-4
499.66875000000005 1.1596046661982195E-4 22.611157454991545 -0.0014295397829028435 -5.578500136168591E-4
502.99987500000003 1.029024573991791E-4 22.814699874946637 -0.0012126236925337863 -7.868663371365783E-4
506.331 9.11434071022493E-5 23.01737154468768 -9.688165540345229E-4 -9.551027166350195E-4
509.662125 8.050282555048955E-5 23.21899282704715 -7.123096666035024E-4 -0.0010617749221523214
512.99325 7.085808563000273E-5 23.419587337808313 -4.563957161666904E-4 -0.0011093244066302267
516.324375 6.213789574661025E-5 23.61917692813476 -2.1294152533330764E-4 -0.0011029391859666677
519.6555000000001 5.429729882016759E-5 23.81757657027146 8.063148441436193E-6 -0.0010500175505905461
522.986625 4.7287168824751525E-5 24.014249704596015 1.98858427918151E-4 -9.595333312069937E-4
526.31775 4.1027811213209134E-5 24.20833792550496 3.541360764190305E-4 -8.412664824034096E-4
529.648875 3.5409757795343334E-5 24.398953933375648 4.7111362993063397E-4 -7.050596967567274E-4
532.98 3.032464230505944E-5 24.585563678140677 5.494587260716374E-4 -5.60259001807497E-4
536.3111250000001 2.569630186272763E-5 24.768222830773215 5.910590796828932E-4 -4.1528018965991047E-4
539.64225 2.1491545494561795E-5 24.94765803680026 5.996453606933821E-4 -2.772164520349919E-4
542.973375 1.7715235894857585E-5 25.12518628322881 5.803105303832995E-4 -1.5158700295605132E-4
546.3045 1.4394124427782869E-5 25.302338566985643 5.389870352624572E-4 -4.231919844937283E-5
549.635625 1.1551411596631918E-5 25.480292809698494 4.819257414615715E-4 4.815858490438852E-5
552.96675 9.185386719067682E-6 25.65947169878685 4.152118175235011E-4 1.1884667373380676E-4
556.297875 7.263887738583064E-6 25.839368341797144 3.4436819286125155E-4 1.700486006470344E-4
559.629 5.730802199808649E-6 26.018416798704973 2.7408720526050337E-4 2.0310143375002187E-4
562.9601250000001 4.517472971786154E-6 26.1941098361249 2.0808349754948332E-4 2.2008286802618126E-4
566.29125 3.5563774610460755E-6 26.3636186029705 1.4903806843233396E-4 2.2362051591904222E-4
569.622375 2.7916492333678912E-6 26.524402110890183 9.86243528602857E-5 2.1670849147517E-4
572.9535000000001 2.1813143943589883E-6 26.674225674348346 5.760963092603777E-5 2.0242663970034208E-4
576.284625 1.6946832936465692E-6 26.810918707826406 2.599147252243717E-5 1.8367895772825618E-4
579.61575 1.310076689100002E-6 26.9323094203662 3.1283174694256543E-6 1.6307549851460028E-4
582.946875 1.0121969593226043E-6 27.036194779853947 -1.2129408275324759E-5 1.4285416252753842E-4
586.278 7.884127176404704E-7 27.120528524302234 -2.1286865870823838E-5 1.2472759186216083E-4
589.6091250000001 6.267764074705362E-7 27.18448977727728 -2.6049224848520053E-5 1.0976899372719683E-4
592.94025 5.165094949039486E-7 27.230328892896747 -2.8188359760913468E-5 9.845835385597149E-5
596.271375 4.483710456332994E-7 27.26483892350331 -2.9412799144097385E-5 9.077360636897153E-5
599.6025 4.1390313762697576E-7 27.298950265769104 -3.1217657484511763E-5 8.620027210654245E-5
602.933625 4.0504132484560307E-7 27.344663971654153 -3.474616098591859E-5 8.377218331745876E-5
606.26475 4.1485568751731655E-7 27.410983130620895 -4.070578349841449E-5 8.226427800572589E-5
609.595875 4.382258536228639E-7 27.501741236170925 -4.932746850813551E-5 8.040985824156124E-5
612.927 4.7129891136122E-7 27.61621222514601 -6.034498604358815E-5 7.700021783825064E-5
616.2581250000001 5.106599846512333E-7 27.75114631952793 -7.302571361731602E-5 7.09724711212372E-5
619.58925 5.535144704355484E-7 27.90227985687609 -8.628636804420123E-5 6.160149902122305E-5
622.920375 5.978193828928284E-7 28.06490091874524 -9.885516602352906E-5 4.865621322156565E-5
626.2515000000001 6.412508043910686E-7 28.234654650113495 -1.0942481725175997E-4 3.237176981541908E-5
629.582625 6.806513700859753E-7 28.40841902931344 -1.1680488641773354E-4 1.3358076271502087E-5
632.91375 7.129063222335068E-7 28.583946520172685 -1.2009097714918504E-4 -7.414193637034572E-6
636.244875 7.354447207765459E-7 28.759087901617715 -1.187963893334496E-4 -2.86690189596782E-5
639.576 7.460132176205811E-7 28.93215660549082 -1.1288717529405774E-4 -4.9046837642692016E-5
642.9071250000001 7.432015530843993E-7 29.102414751319582 -1.0275043062930372E-4 -6.733765555047608E-5
646.23825 7.269840604299357E-7 29.269311950398997 -8.914748221362768E-5 -8.255551245304607E-5
649.569375 6.981895902576947E-7 29.431781403086386 -7.312696393480073E-5 -9.39702673981007E-5
652.9005 6.583738563841967E-7 29.588819794593338 -5.586627562385502E-5 -1.0123435660888561E-4
656.231625 6.103673371668007E-7 29.739937849534837 -3.8503867736016613E-5 -1.0446066877155905E-4
659.56275 5.575739439254337E-7 29.88447573749043 -2.2036691743397688E-5 -1.041004367763584E-4
662.893875 5.027061484102904E-7 30.021218550348852 -7.254665200631894E-6 -1.0077549179287516E-4
666.225 4.4809699958324287E-7 30.149054192487856 5.336349878469637E-6 -9.524137100581745E-5
669.5561250000001 3.963334913607161E-7 30.267334755776613 1.5553489996368565E-5 -8.83534692051074E-5
672.88725 3.4935995933809893E-7 30.375591988154707 2.3479927329066492E-5 -8.088918123884974E-5
676.218375 3.0772425831167307E-7 30.473777788105618 2.9372212218252766E-5 -7.339042072747951E-5
679.5495000000001 2.714726968587233E-7 30.562868095067717 3.3611565435924544E-5 -6.620416789224609E-5
682.880625 2.4090779683500736E-7 30.644770002190814 3.665897550014085E-5 -5.95665577112758E-5
686.21175 2.159361224875808E-7 30.722004189127592 3.895485731260598E-5 -5.3548863058758286E-5
689.542875 1.9562345021068226E-7 30.79777838122256 4.082938825825404E-5 -4.8014979597221785E-5
692.874 1.7900792231371005E-7 30.875466591502782 4.250384564008178E-5 -4.2760880315168814E-5
696.2051250000001 1.6570820653043077E-7 30.95731341416315 4.4121089113263365E-5 -3.766065882296393E-5
699.53625 1.5534456858257143E-7 31.044142055822572 4.572032251474946E-5 -3.2622017012438666E-5
702.867375 1.4707598971150897E-7 31.13623764699747 4.7217536206928636E-5 -2.7516180061982914E-5
706.1985 1.4014982622021025E-7 31.233094528077213 4.847385751827779E-5 -2.227718860646288E-5
709.529625 1.342802308358514E-7 31.3323430825421 4.93750752339451E-5 -1.699698541115219E-5
712.86075 1.2911496195251337E-7 31.431014075526793 4.982249585779474E-5 -1.1816286691822892E-5
716.191875 1.2394824119224712E-7 31.527956901071267 4.970685060854184E-5 -6.798191054610304E-6
719.523 1.1826214499390617E-7 31.622998019614496 4.896436326842496E-5 -2.0028414895280274E-6
722.8541250000001 1.1201953097063169E-7 31.7146571863769 4.7632896701904983E-5 2.420779008471378E-6
726.18525 1.052801271935448E-7 31.801563464959525 4.5799837106146235E-5 6.346063979723379E-6
729.516375 9.803751071498254E-8 31.885030411405584 4.353198550781614E-5 9.787227193237638E-6
732.8475000000001 9.047464811768096E-8 31.96695970057667 4.090948169762153E-5 1.2792994097440744E-5
736.178625 8.294228845099148E-8 32.04646070055469 3.80730533816689E-5 1.5320940728287128E-5
739.50975 7.567859024259158E-8 32.12206285914053 3.515848665524499E-5 1.7339760800606685E-5
742.840875 6.880629727412904E-8 32.1955067744489 3.222056389151997E-5 1.8949084165522334E-5
746.172 6.244816117927543E-8 32.26905217086002 2.9286344360821705E-5 2.025905868588624E-5
749.5031250000001 5.6636388669468355E-8 32.34111226040221 2.6428838104443673E-5 2.125129898832369E-5
752.83425 5.12875204815948E-8 32.4095353443189 2.3708409697360887E-5 2.1895076005247444E-5
756.165375 4.638128303160604E-8 32.476684105950596 2.1098021864212935E-5 2.2287367763680246E-5
759.4965 4.194620924789692E-8 32.54559191963729 1.8557000417134208E-5 2.2526186388220905E-5
762.827625 3.786857678571775E-8 32.61411331935696 1.6125159508617593E-5 2.256029899230322E-5
766.15875 3.399614145475824E-8 32.67929175721996 1.3853761936512826E-5 2.232542384193452E-5
769.489875 3.039269187147107E-8 32.743847677668114 1.1709924702765229E-5 2.1910147648958576E-5
772.821 2.7179508929044144E-8 32.811124993942926 9.655678226672828E-6 2.1417176986887638E-5
776.1521250000001 2.424341339278704E-8 32.87770722095347 7.753253368968394E-6 2.078923003765546E-5
779.48325 2.1434801913063846E-8 32.939245565142215 6.074334777930875E-6 1.995930106378933E-5
782.814375 1.888254371092268E-8 32.99876640078698 4.5767754544649636E-6 1.903933533059798E-5
786.1455000000001 1.673741130575877E-8 33.06025522126703 3.199317805872981E-6 1.815617949002097E-5
789.476625 1.4833092459845764E-8 33.11933904873594 1.997284112488433E-6 1.7240151118798404E-5
792.80775 1.2972684693014946E-8 33.170727355308586 1.0372129124108277E-6 1.6197447378919237E-5
796.138875 1.1293620238741288E-8 33.21858365467746 2.436841153915704E-7 1.5141908137280148E-5
799.47 9.952293537686623E-9 33.26855346986444 -4.815202804965366E-7 1.4207987588858241E-5
802.8011250000001 8.757809837379826E-9 33.31581951486062 -1.0809289629564505E-6 1.329188773062894E-5
806.13225 7.505783383088208E-9 33.354292182946935 -1.4732397459195195E-6 1.2257555170145144E-5
809.463375 6.367728347868841E-9 33.39017376659136 -1.7611085734513792E-6 1.1234161626582672E-5
812.7945 5.530496783358709E-9 33.43232654311491 -2.080989034111173E-6 1.0391146249209545E-5
816.125625 4.803197958119753E-9 33.47513307391472 -2.351963097578073E-6 9.591956382685205E-6
819.45675 3.972688089794979E-9 33.51011628450111 -2.4427842308666904E-6 8.64321719977894E-6
822.787875 3.2304881607474972E-9 33.5456603922059 -2.4783950255725675E-6 7.710919876471718E-6
826.119 2.7893069454602124E-9 33.5943782335287 -2.6491466535245153E-6 7.0444155896113295E-6
829.4501250000001 2.4433254785323953E-9 33.646179115643136 -2.817459077525156E-6 6.455844865059801E-6
832.78125 1.923271298126875E-9 33.68690047527653 -2.730800536933095E-6 5.621220941882129E-6
836.112375 1.4426202868753165E-9 33.72701121913107 -2.5583999338284702E-6 4.769646166357436E-6
839.4435000000001 1.2995146158556056E-9 33.78383748303152 -2.6813806264307528E-6 4.381680168929169E-6
842.774625 1.2802586021850216E-9 33.83984995796452 -2.9007426678341347E-6 4.193278909843035E-6
846.1057500000001 8.414856328145975E-10 33.87875541056191 -2.482159822308337E-6 3.305559568468586E-6
849.436875 1.951657998152669E-10 33.9137144163324 -1.2502967331871498E-6 1.5491745855163184E-6
