-10  0,03167356  0,0312615  1,663216E-5  2,275173E-5  -88,23529
-9,921875  0,03397039  0,03365849  1,620185E-5  2,217735E-5  -89,55224
-9,84375  0,03642188  0,03621401  1,564871E-5  2,151883E-5  -90,90909
-9,765625  0,03904364  0,0389402  1,526179E-5  2,099112E-5  -92,30769
-9,6875  0,04185347  0,04185334  1,47535E-5  2,030776E-5  -93,75
-9,609375  0,04487107  0,04497117  1,433208E-5  1,971499E-5  -95,2381
-9,53125  0,04811754  0,04831336  1,391973E-5  1,91245E-5  -96,77419
-9,453125  0,05161505  0,05190066  1,344656E-5  1,846964E-5  -98,36066
-9,375  0,05538633  0,05575483  1,310492E-5  1,79801E-5  -100
-9,296875  0,05945426  0,05989788  1,263421E-5  1,731469E-5  -101,6949
-9,21875  0,06384148  0,06435182  1,229053E-5  1,680368E-5  -103,4483
-9,140625  0,06856984  0,06913794  1,188862E-5  1,619399E-5  -105,2632
-9,0625  0,07366004  0,07427675  1,149551E-5  1,56605E-5  -107,1429
-8,984375  0,0791311  0,07978691  1,117439E-5  1,519788E-5  -109,0909
-8,90625  0,08499989  0,0856853  1,075263E-5  1,464072E-5  -111,1111
-8,828125  0,09128071  0,09198622  1,046146E-5  1,423885E-5  -113,2075
-8,75  0,09798481  0,09870125  1,007345E-5  1,373038E-5  -115,3846
-8,671875  0,10512  0,1058387  9,751733E-6  1,330766E-5  -117,6471
-8,59375  0,1126904  0,1134036  9,436842E-6  1,288053E-5  -120
-8,515625  0,1206962  0,1213974  9,072667E-6  1,239355E-5  -122,449
-8,4375  0,1291339  0,1298186  8,810322E-6  1,203041E-5  -125
-8,359375  0,1379961  0,1386619  8,446819E-6  1,154145E-5  -127,6596
-8,28125  0,1472723  0,14792  8,18072E-6  1,116922E-5  -130,4348
-8,203125  0,1569491  0,1575822  7,868922E-6  1,073174E-5  -133,3333
-8,125  0,1670109  0,1676368  7,563618E-6  1,032556E-5  -136,3636
-8,046875  0,1774409  0,1780697  7,312064E-6  9,957348E-6  -139,5349
-7,96875  0,1882211  0,1888659  6,98433E-6  9,527853E-6  -142,8571
-7,890625  0,1993332  0,2000086  6,754366E-6  9,201403E-6  -146,3415
-7,8125  0,2107584  0,2114795  6,451423E-6  8,795688E-6  -150
-7,734375  0,2224774  0,2232586  6,198376E-6  8,451208E-6  -153,8462
-7,65625  0,2344697  0,235323  5,949135E-6  8,102237E-6  -157,8947
-7,578125  0,2467128  0,2476466  5,665101E-6  7,732572E-6  -162,1622
-7,5  0,2591811  0,2601992  5,454151E-6  7,437553E-6  -166,6667
-7,421875  0,271845  0,2729463  5,170998E-6  7,052199E-6  -171,4286
-7,34375  0,2846696  0,2858476  4,957978E-6  6,763726E-6  -176,4706
-7,265625  0,2976136  0,2988574  4,712027E-6  6,41847E-6  -181,8182
-7,1875  0,3106291  0,3119234  4,472669E-6  6,100172E-6  -187,5
-7,109375  0,3236606  0,3249876  4,269439E-6  5,80568E-6  -193,5484
-7,03125  0,3366455  0,3379854  4,016241E-6  5,475574E-6  -200
-6,953125  0,3495137  0,3508463  3,829177E-6  5,209196E-6  -206,8966
-6,875  0,3621884  0,3634938  3,594356E-6  4,897302E-6  -214,2857
-6,796875  0,374586  0,3758454  3,394389E-6  4,625629E-6  -222,2222
-6,71875  0,3866166  0,3878131  3,196533E-6  4,35867E-6  -230,7692
-6,640625  0,3981846  0,3993032  2,979809E-6  4,067564E-6  -240
-6,5625  0,4091889  0,4102165  2,808622E-6  3,82442E-6  -250
-6,484375  0,4195232  0,4204488  2,595993E-6  3,544164E-6  -260,8696
-6,40625  0,4290763  0,4298906  2,427106E-6  3,308136E-6  -272,7273
-6,328125  0,4377337  0,4384288  2,240304E-6  3,050555E-6  -285,7143
-6,25  0,4453778  0,4459474  2,060985E-6  2,807506E-6  -300
-6,171875  0,4518905  0,4523295  1,902452E-6  2,587306E-6  -315,7895
-6,09375  0,457155  0,4574598  1,72146E-6  2,347355E-6  -333,3333
-6,015625  0,4610591  0,4612277  1,576723E-6  2,142562E-6  -352,9412
-5,9375  0,463499  0,463531  1,411765E-6  1,923218E-6  -375
-5,859375  0,4643834  0,4642807  1,267604E-6  1,726982E-6  -400
-5,78125  0,463638  0,4634051  1,127276E-6  1,533121E-6  -428,5714
-5,703125  0,4612111  0,460855  9,845157E-7  1,342016E-6  -461,5385
-5,625  0,4570774  0,4566084  8,637707E-7  1,175523E-6  -500
-5,546875  0,451243  0,4506748  7,333442E-7  1,000328E-6  -545,4545
-5,46875  0,443749  0,4430985  6,237087E-7  8,486829E-7  -600
-5,390625  0,4346742  0,4339617  5,142902E-7  6,999606E-7  -666,6667
-5,3125  0,4241363  0,4233851  4,14578E-7  5,645453E-7  -750
-5,234375  0,4122926  0,4115284  3,268593E-7  4,434827E-7  -857,1429
-5,15625  0,3993381  0,398588  2,432135E-7  3,311144E-7  -1000
-5,078125  0,385502  0,3847938  1,748323E-7  2,372193E-7  -1200
-5  0,371044  0,370404  1,13629E-7  1,544425E-7  -1500
-4,921875  0,3562466  0,3556988  6,5789E-8  8,930633E-8  -2000
-4,84375  0,3414086  0,3409722  3,004545E-8  4,076848E-8  -3000
-4,765625  0,3268354  0,326524  7,652709E-9  1,041501E-8  -6000
-4,6875  0,3128296  0,3126498  8,817868E-38  1,194959E-37  -1,80144E18
-4,609375  0,2996809  0,2996317  8,071185E-9  1,0984E-8  6000
-4,53125  0,2876562  0,2877287  3,353513E-8  4,550572E-8  3000
-4,453125  0,2769896  0,277168  7,729087E-8  1,048884E-7  2000
-4,375  0,2678744  0,2681366  1,412909E-7  1,918952E-7  1500
-4,296875  0,260456  0,2607755  2,2939E-7  3,107945E-7  1200
-4,21875  0,2548266  0,2551748  3,3656E-7  4,580374E-7  1000
-4,140625  0,251023  0,2513711  4,794175E-7  6,494909E-7  857,1429
-4,0625  0,2490259  0,2493474  6,398119E-7  8,704681E-7  750
-3,984375  0,2487626  0,249035  8,422283E-7  1,143398E-6  666,6667
-3,90625  0,250111  0,2503178  1,078002E-6  1,462227E-6  600
-3,828125  0,252907  0,2530382  1,339754E-6  1,82343E-6  545,4545
-3,75  0,256953  0,2570057  1,67666E-6  2,271323E-6  500
-3,671875  0,2620273  0,2620053  2,011732E-6  2,73965E-6  461,5385
-3,59375  0,2678952  0,2678083  2,456533E-6  3,327965E-6  428,5714
-3,515625  0,2743196  0,2741824  2,914193E-6  3,958134E-6  400
-3,4375  0,2810719  0,2809021  3,449083E-6  4,685272E-6  375
-3,359375  0,2879417  0,2877588  4,099829E-6  5,546016E-6  352,9412
-3,28125  0,2947455  0,2945694  4,724519E-6  6,426828E-6  333,3333
-3,203125  0,3013345  0,3011844  5,602402E-6  7,573602E-6  315,7895
-3,125  0,3075998  0,3074931  6,400558E-6  8,697656E-6  300
-3,046875  0,3134765  0,3134282  7,46094E-6  1,010702E-5  285,7143
-2,96875  0,3189456  0,3189675  8,607167E-6  1,167286E-5  272,7273
-2,890625  0,3240342  0,324135  9,787528E-6  1,330843E-5  260,8696
-2,8125  0,3288137  0,3289981  1,143432E-5  1,547992E-5  250
-2,734375  0,3333964  0,3336655  1,282164E-5  1,750021E-5  240
-2,65625  0,3379309  0,3382817  1,49415E-5  2,019592E-5  230,7692
-2,578125  0,342596  0,3430218  1,689315E-5  2,295092E-5  222,2222
-2,5  0,3475944  0,3480846  1,928546E-5  2,626041E-5  214,2857
-2,421875  0,3531448  0,3536855  2,229556E-5  3,009618E-5  206,8966
-2,34375  0,3594751  0,3600492  2,490732E-5  3,380083E-5  200
-2,265625  0,366814  0,3674022  2,920923E-5  3,951324E-5  193,5484
-2,1875  0,3753846  0,3759664  3,260375E-5  4,452877E-5  187,5
-2,109375  0,3853967  0,3859513  3,788494E-5  5,097605E-5  181,8182
-2,03125  0,3970409  0,3975484  4,340531E-5  5,894665E-5  176,4706
-1,953125  0,4104829  0,4109252  4,907382E-5  6,775166E-5  171,4286
-1,875  0,4258578  0,42622  5,824677E-5  7,827493E-5  166,6667
-1,796875  0,4432656  0,443537  6,520123E-5  8,899552E-5  162,1622
-1,71875  0,4627672  0,4629418  7,796001E-5  0,000106852  157,8947
-1,640625  0,4843808  0,4844575  9,009978E-5  0,0001236188  153,8462
-1,5625  0,5080784  0,5080615  0,0001105562  0,00014932  150
-1,484375  0,5337836  0,5336819  0,0001320199  0,000174729  146,3415
-1,40625  0,5613696  0,5611961  0,000161207  0,0002199213  142,8571
-1,328125  0,5906579  0,5904282  0,0002406755  0,0003110613  139,5349
-1,25  0,6214183  0,6211497  0,0003356981  0,0004128025  136,3636
-1,171875  0,6533698  0,6530793  0,0005736855  0,0006481616  133,3333
-1,09375  0,686183  0,6858865  0,001187236  0,001258177  130,4348
-1,015625  0,7194843  0,7191945  0,001885976  0,002050309  127,6596
-0,9375  0,7528612  0,7525877  0,004608557  0,004772666  125
-0,859375  0,7858703  0,7856186  0,007963857  0,00800945  122,449
-0,78125  0,8180462  0,8178186  0,01276866  0,01320307  120
-0,703125  0,8489125  0,848708  0,0276868  0,02814628  117,6471
-0,625  0,877994  0,8778103  0,0497742  0,04860199  115,3846
-0,546875  0,9048295  0,9046636  0,06973833  0,07036325  113,2075
-0,46875  0,9289859  0,9288353  0,1312173  0,1313151  111,1111
-0,390625  0,9500708  0,9499342  0,2094944  0,2078584  109,0909
-0,3125  0,9677454  0,9676243  0,3344987  0,3349924  107,1429
-0,234375  0,9817354  0,9816335  0,4823396  0,4798684  105,2632
-0,15625  0,9918405  0,9917642  0,6603437  0,6526062  103,4483
-0,078125  0,9979405  0,9978976  1  1  101,6949
0  1  1  0,8904779  0,8792574  100
0,078125  0,9979191  0,9978294  0,8339475  0,8311477  98,36066
0,15625  0,9919769  0,9918163  0,8256368  0,8238134  96,77419
0,234375  0,9823899  0,9821854  0,6525858  0,6489944  95,2381
0,3125  0,9694453  0,9692311  0,4083725  0,4023854  93,75
0,390625  0,9534904  0,9533018  0,2390132  0,2329171  92,30769
0,46875  0,9349199  0,9347912  0,2040257  0,202031  90,90909
0,546875  0,9141622  0,9141213  0,1081791  0,108501  89,55224
0,625  0,8916647  0,8917326  0,06065702  0,06083691  88,23529
0,703125  0,8678792  0,8680671  0,04703243  0,04698847  86,95652
0,78125  0,8432475  0,8435571  0,0328646  0,03367771  85,71429
0,859375  0,8181883  0,8186121  0,01553244  0,01581808  84,50704
0,9375  0,7930862  0,7936095  0,008321471  0,008920741  83,33333
1,015625  0,7682815  0,7688846  0,004247976  0,004828154  82,19178
1,09375  0,7440641  0,7447243  0,00235567  0,002981592  81,08108
1,171875  0,7206679  0,7213619  0,001672785  0,001990468  80
1,25  0,6982693  0,698975  0,001160502  0,001459315  78,94737
1,328125  0,6769862  0,6776845  0,0008389868  0,001180292  77,92208
1,40625  0,6568807  0,6575562  0,0006592558  0,0009511429  76,92308
1,484375  0,6379621  0,6386035  0,0005566678  0,0007603926  75,94937
1,5625  0,6201918  0,6207922  0,0005161261  0,0007071291  75
1,640625  0,6034895  0,6040456  0,0004510186  0,000649647  74,07407
1,71875  0,5877398  0,5882508  0,0004081717  0,0005831552  73,17073
1,796875  0,5727994  0,5732661  0,0003837417  0,0005442283  72,28916
1,875  0,558505  0,5589286  0,0003517176  0,0005046367  71,42857
1,953125  0,5446806  0,5450618  0,0003333628  0,000476972  70,58824
2,03125  0,5311458  0,5314842  0,0003092126  0,0004396412  69,76744
2,109375  0,5177232  0,5180164  0,0002938552  0,0004121879  68,96552
2,1875  0,5042454  0,5044898  0,000277718  0,0003934675  68,18182
2,265625  0,4905624  0,4907531  0,0002620325  0,0003696836  67,41573
2,34375  0,4765472  0,476679  0,0002521913  0,0003516694  66,66667
2,421875  0,4621019  0,4621697  0,0002378656  0,0003320369  65,93407
2,5  0,4471613  0,447162  0,0002299702  0,000320688  65,21739
2,578125  0,4316969  0,4316301  0,0002193698  0,0003064627  64,51613
2,65625  0,4157187  0,4155875  0,0002108742  0,0002931111  63,82979
2,734375  0,3992755  0,3990873  0,0002041582  0,0002841496  63,15789
2,8125  0,3824544  0,3822209  0,0001952911  0,0002722072  62,5
2,890625  0,3653781  0,365115  0,0001905648  0,0002648496  61,85567
2,96875  0,3482006  0,3479266  0,0001830335  0,0002548181  61,22449
3,046875  0,3311027  0,3308376  0,0001782068  0,0002474388  60,60606
3,125  0,3142847  0,3140479  0,0001730847  0,0002407058  60
3,203125  0,2979594  0,2977676  0,0001675327  0,0002325896  59,40594
3,28125  0,2823445  0,2822098  0,0001642726  0,0002276807  58,82353
3,359375  0,2676545  0,2675833  0,000158884  0,0002204022  58,25243
3,4375  0,2540936  0,2540853  0,0001560225  0,0002158211  57,69231
3,515625  0,2418486  0,2418961  0,0001519441  0,0002105608  57,14286
3,59375  0,231084  0,231174  0,0001485003  0,0002053939  56,60377
3,671875  0,221937  0,2220518  0,0001459422  0,0002018673  56,07477
3,75  0,2145153  0,2146338  0,0001421238  0,0001966963  55,55556
3,828125  0,2088946  0,208995  0,0001402683  0,0001937771  55,04587
3,90625  0,2051186  0,2051799  0,0001369835  0,0001895668  54,54545
3,984375  0,2031994  0,2032029  0,0001348647  0,0001861761  54,05405
4,0625  0,2031178  0,2030485  0,0001326954  0,0001832824  53,57143
4,140625  0,2048258  0,204673  0,0001300741  0,0001795513  53,09735
4,21875  0,2082471  0,2080048  0,0001287397  0,0001774668  52,63158
4,296875  0,2132798  0,2129466  0,0001261653  0,0001740624  52,17391
4,375  0,2197979  0,2193766  0,0001248875  0,0001721506  51,72414
4,453125  0,2276532  0,2271499  0,0001230185  0,000169812  51,28205
4,53125  0,2366772  0,2361008  0,0001213061  0,0001671982  50,84746
4,609375  0,2466838  0,2460446  0,0001202343  0,000165723  50,42017
4,6875  0,2574713  0,2567806  0,0001182858  0,0001630491  50
4,765625  0,2688261  0,2680947  0,000117502  0,0001616345  49,58678
4,84375  0,2805256  0,2797639  0,0001158975  0,0001595828  49,18033
4,921875  0,2923433  0,2915607  0,0001148439  0,0001579446  48,78049
5  0,3040536  0,3032586  0,0001139111  0,0001567037  48,3871
5,078125  0,3154374  0,3146384  0,0001125159  0,0001545799  48
5,15625  0,3262882  0,325494  0,0001120224  0,0001539009  47,61905
5,234375  0,3364183  0,3356387  0,0001107001  0,0001520381  47,24409
5,3125  0,3456643  0,3449103  0,0001101311  0,0001511802  46,875
5,390625  0,3538919  0,3531756  0,0001093063  0,0001501649  46,51163
5,46875  0,3609989  0,3603334  0,0001083954  0,0001488172  46,15385
5,546875  0,3669178  0,3663159  0,0001080651  0,0001483759  45,80153
5,625  0,3716152  0,3710891  0,0001070284  0,0001469555  45,45455
5,703125  0,3750905  0,3746508  0,0001067934  0,0001467493  45,11278
5,78125  0,3773729  0,3770283  0,0001060611  0,0001458249  44,77612
5,859375  0,3785168  0,3782739  0,0001055543  0,0001450036  44,44444
5,9375  0,3785966  0,3784594  0,0001053085  0,0001447373  44,11765
6,015625  0,3777006  0,3776706  0,000104561  0,0001435003  43,79562
6,09375  0,3759247  0,376001  0,0001045588  0,0001435246  43,47826
6,171875  0,3733664  0,3735453  0,0001039375  0,0001426566  43,16547
6,25  0,3701189  0,3703941  0,0001037803  0,0001423574  42,85714
6,328125  0,366267  0,3666292  0,000103586  0,0001421148  42,55319
6,40625  0,361883  0,3623198  0,0001031353  0,0001415205  42,25352
6,484375  0,357025  0,3575202  0,0001032882  0,0001418171  41,95804
6,5625  0,3517355  0,3522692  0,0001027961  0,0001408794  41,66667
6,640625  0,3460427  0,3465906  0,0001029277  0,0001412246  41,37931
6,71875  0,3399617  0,3404947  0,000102758  0,0001410624  41,09589
6,796875  0,3334974  0,3339823  0,0001026014  0,0001406417  40,81633
6,875  0,3266482  0,327048  0,0001028418  0,0001409137  40,54054
6,953125  0,3194099  0,3196855  0,0001025081  0,0001406553  40,26846
7,03125  0,3117807  0,3118934  0,0001028784  0,0001410328  40
7,109375  0,303765  0,3036785  0,000102735  0,000140797  39,7351
7,1875  0,2953776  0,2950607  0,0001028822  0,0001410189  39,47368
7,265625  0,2866463  0,2860756  0,0001031628  0,0001413842  39,21569
7,34375  0,2776141  0,2767761  0,0001030333  0,0001411392  38,96104
7,421875  0,2683391  0,2672309  0,0001035874  0,0001418827  38,70968
7,5  0,2588937  0,2575235  0,0001034867  0,0001417139  38,46154
7,578125  0,249362  0,2477485  0,0001039318  0,0001423544  38,21656
7,65625  0,239837  0,2380071  0,0001042065  0,0001427337  37,97468
7,734375  0,230416  0,2284033  0,0001043281  0,0001429119  37,73585
7,8125  0,2211975  0,21904  0,0001049979  0,0001438012  37,5
7,890625  0,2122761  0,2100134  0,0001049823  0,0001436981  37,26708
7,96875  0,2037398  0,2014099  0,0001057077  0,0001447113  37,03704
8,046875  0,1956665  0,1933043  0,0001059585  0,0001449433  36,80982
8,125  0,1881214  0,1857575  0,000106388  0,0001456103  36,58537
8,203125  0,1811553  0,1788132  0,0001071067  0,0001465384  36,36364
8,28125  0,1748029  0,1724995  0,0001072504  0,000146844  36,14458
8,359375  0,1690818  0,1668261  0,0001082133  0,000148099  35,92814
8,4375  0,163992  0,1617844  0,000108451  0,0001483824  35,71429
8,515625  0,1595155  0,1573488  0,0001092256  0,0001495301  35,50296
8,59375  0,155617  0,1534741  0,0001099247  0,0001504572  35,29412
8,671875  0,1522438  0,1500968  0,000110318  0,0001509755  35,08772
8,75  0,1493273  0,1471389  0,0001114439  0,0001523687  34,88372
8,828125  0,1467846  0,1445066  0,0001117229  0,0001529182  34,68208
8,90625  0,1445206  0,142094  0,0001128523  0,0001542766  34,48276
8,984375  0,1424307  0,1397857  0,0001134925  0,0001549585  34,28571
9,0625  0,1404043  0,1374623  0,0001142376  0,0001563168  34,09091
9,140625  0,1383283  0,135003  0,0001154359  0,0001576898  33,89831
9,21875  0,1360917  0,1322939  0,0001158601  0,0001582963  33,70787
9,296875  0,1335899  0,1292297  0,0001173089  0,0001602714  33,51955
9,375  0,1307296  0,1257235  0,000117895  0,000161159  33,33333
9,453125  0,1274332  0,1217097  0,0001190728  0,0001627498  33,14917
9,53125  0,1236434  0,1171503  0,0001202478  0,0001644468  32,96703
9,609375  0,1193269  0,1120376  0,0001209564  0,0001655478  32,78689
9,6875  0,1144776  0,1063991  0,0001226391  0,0001673376  32,6087
9,765625  0,1091181  0,100294  0,0001232419  0,0001678326  32,43243
9,84375  0,1033004  0,09381589  0,0001248909  0,000170195  32,25806
9,921875  0,09710486  0,08708032  0,00012598  0,0001719185  32,08556
